9999999999 9999999999 
9999999999 9999999999 9999999999 9999999999 9999999999 9999999999 9999999999 
9999999999 9999999999 9999999999 9999999999 9999999999 9999999999 9999999999 
9999999899 9999999999 9999999999 9999999999 9999999999 9999999999 9999999999 
9999999999 9999999999 9999999999 9999999999 9999999999 9999999999 9999999999 
9999999999 9999999999 9999999999 9999999999 9999999999 9999999999 9999999999 
9999999999 9999999999 9999999999 9999999999 9999999999 9999999999 9999999999 
9999999999 9999999999 9999999999 9999999999 9999999999 9999999999 9999999999 
9999999999 9999999999 9999999999 9999999999 9999999999 9999999999 9999999999 
9999999999 9999999999 9999999999 9999999999 9999999999 9999999999 9999999999 
9999999999 9999999999 9999999999 9999999999 9999999999 9999999999 9999999999 
9999999999 9999999999 9999999999 9999999999 9999999999 9999999999 9999999999 
9999999999 9999999999 9999999999 9999999999 9999999999 9999999999 9999999999 
9999999999 9999999999 9999999999 9999999999 9999999999 9999999999 9999999999 
9999999999 9999999999 9999999999 9999999999 9999999999 9999999999 9999999999
